#FIG 3.2  Produced by xfig version 3.2.5
Landscape
Center
Metric
A4      
100.00
Single
-2
1200 2
1 3 0 1 1 1 50 -1 20 0.000 1 0.0000 6120 7830 64 64 6120 7830 6184 7830
1 3 0 1 1 1 50 -1 20 0.000 1 0.0000 4038 8161 64 64 4038 8161 4102 8161
2 1 0 1 0 7 50 -1 -1 0.000 0 0 -1 0 0 2
	 8325 4500 6075 4500
2 1 1 1 0 7 50 -1 -1 4.000 0 0 -1 0 0 2
	 6075 4500 1800 4500
2 1 0 1 0 7 50 -1 -1 0.000 0 0 -1 0 0 2
	 6075 4275 6075 4725
2 1 0 1 0 7 50 -1 -1 0.000 0 0 -1 0 0 2
	 8325 4275 8325 4725
2 1 1 1 0 7 50 -1 -1 4.000 0 0 -1 0 0 2
	 3825 4275 3825 4725
3 0 0 1 0 7 50 -1 -1 0.000 0 0 0 4
	 6750 4050 6975 4275 6750 4725 6975 4950
	 0.000 1.000 1.000 0.000
